-39.26	104.680000
-50.69	104.680464
-41.36	104.680928
-40.87	104.681392
-42.29	104.681855
-53.99	104.682319
-53.79	104.682783
-49.33	104.683247
-48.01	104.683711
-37.64	104.684175
-48.10	104.684639
-37.94	104.685103
-47.31	104.685566
-40.26	104.686030
-48.71	104.686494
-45.05	104.686958
-46.68	104.687422
-42.88	104.687886
-43.74	104.688350
-55.70	104.688813
-51.68	104.689277
-40.49	104.689741
-47.80	104.690205
-42.51	104.690669
-48.54	104.691133
-37.36	104.691597
-47.78	104.692061
-43.14	104.692524
-36.65	104.692988
-40.46	104.693452
-49.01	104.693916
-45.54	104.694380
-45.86	104.694844
-43.78	104.695308
-49.78	104.695771
-47.94	104.696235
-50.17	104.696699
-48.10	104.697163
-45.32	104.697627
-47.98	104.698091
-43.59	104.698555
-42.44	104.699019
-49.23	104.699482
-48.85	104.699946
-55.15	104.700410
-48.32	104.700874
-44.47	104.701338
-53.67	104.701802
-49.33	104.702266
-44.83	104.702729
-43.83	104.703193
-49.74	104.703657
-46.72	104.704121
-52.54	104.704585
-52.96	104.705049
-56.13	104.705513
-53.61	104.705977
-46.61	104.706440
-46.77	104.706904
-44.58	104.707368
-47.59	104.707832
-55.91	104.708296
-57.19	104.708760
-55.07	104.709224
-49.42	104.709688
-48.85	104.710151
-43.74	104.710615
-53.22	104.711079
-48.06	104.711543
-48.03	104.712007
-47.12	104.712471
-51.80	104.712935
-52.11	104.713398
-50.47	104.713862
-66.08	104.714326
-47.09	104.714790
-54.35	104.715254
-49.55	104.715718
-58.65	104.716182
-54.12	104.716646
-57.89	104.717109
-50.21	104.717573
-60.66	104.718037
-61.36	104.718501
-56.01	104.718965
-56.32	104.719429
-64.88	104.719893
-64.02	104.720356
-52.79	104.720820
-53.25	104.721284
-54.28	104.721748
-69.17	104.722212
-63.48	104.722676
-54.69	104.723140
-55.29	104.723604
-60.61	104.724067
-73.32	104.724531
-55.73	104.724995
-54.89	104.725459
-58.40	104.725923
-59.23	104.726387
-65.93	104.726851
-80.77	104.727314
-60.46	104.727778
-64.59	104.728242
-58.48	104.728706
-54.02	104.729170
-67.13	104.729634
-65.03	104.730098
-63.28	104.730562
-55.60	104.731025
-60.74	104.731489
-56.16	104.731953
-66.65	104.732417
-67.64	104.732881
-80.77	104.733345
-57.63	104.733809
-69.66	104.734272
-68.00	104.734736
-60.13	104.735200
-58.24	104.735664
-61.27	104.736128
-61.71	104.736592
-63.07	104.737056
-64.79	104.737520
-59.75	104.737983
-70.31	104.738447
-57.76	104.738911
-59.22	104.739375
-63.83	104.739839
-59.75	104.740303
-62.56	104.740767
-58.87	104.741230
-62.14	104.741694
-62.76	104.742158
-56.87	104.742622
-59.43	104.743086
-60.81	104.743550
-63.49	104.744014
-64.41	104.744478
-65.65	104.744941
-59.66	104.745405
-60.48	104.745869
-60.05	104.746333
-60.48	104.746797
-65.68	104.747261
-61.98	104.747725
-60.74	104.748188
-61.02	104.748652
-71.28	104.749116
-73.78	104.749580
-61.18	104.750044
-61.91	104.750508
-69.66	104.750972
-69.63	104.751436
-63.38	104.751899
-78.00	104.752363
-70.27	104.752827
-68.97	104.753291
-69.63	104.753755
-69.34	104.754219
-73.07	104.754683
-65.65	104.755146
-65.93	104.755610
-73.15	104.756074
-65.15	104.756538
-71.17	104.757002
-74.29	104.757466
-74.75	104.757930
-70.27	104.758394
-68.21	104.758857
-72.67	104.759321
-76.33	104.759785
-73.07	104.760249
-64.35	104.760713
-66.65	104.761177
-66.71	104.761641
-76.16	104.762104
-68.16	104.762568
-72.18	104.763032
-60.14	104.763496
-67.43	104.763960
-70.44	104.764424
-84.29	104.764888
-68.94	104.765352
-70.40	104.765815
-67.73	104.766279
-73.15	104.766743
-79.17	104.767207
-83.32	104.767671
-72.18	104.768135
-64.63	104.768599
-74.18	104.769063
-75.26	104.769526
-73.32	104.769990
-63.85	104.770454
-78.00	104.770918
-76.33	104.771382
-68.61	104.771846
-78.00	104.772310
-68.35	104.772773
-70.27	104.773237
-71.01	104.773701
-71.74	104.774165
-73.78	104.774629
-71.01	104.775093
-74.63	104.775557
-69.17	104.776021
-76.33	104.776484
-69.17	104.776948
-76.16	104.777412
-70.06	104.777876
-74.75	104.778340
-78.00	104.778804
-73.07	104.779268
-71.17	104.779731
-inf	104.780195
-79.17	104.780659
-72.18	104.781123
-77.30	104.781587
-83.32	104.782051
-74.63	104.782515
-73.07	104.782979
-80.77	104.783442
-79.17	104.783906
-67.26	104.784370
-78.00	104.784834
-66.64	104.785298
-70.06	104.785762
-75.26	104.786226
-76.33	104.786689
-83.32	104.787153
-74.63	104.787617
-68.97	104.788081
-73.07	104.788545
-76.16	104.789009
-84.29	104.789473
-67.76	104.789937
-84.29	104.790400
-67.30	104.790864
-80.77	104.791328
-76.16	104.791792
-76.16	104.792256
-74.18	104.792720
-78.27	104.793184
-74.63	104.793647
-76.33	104.794111
-75.26	104.794575
-75.68	104.795039
-84.29	104.795503
-76.33	104.795967
-76.16	104.796431
-74.18	104.796895
-76.16	104.797358
-79.17	104.797822
-74.99	104.798286
-77.30	104.798750
-69.93	104.799214
-73.78	104.799678
-78.00	104.800142
-65.70	104.800605
-67.93	104.801069
-77.30	104.801533
-74.63	104.801997
-69.34	104.802461
-74.63	104.802925
-80.77	104.803389
-68.67	104.803853
-73.78	104.804316
-81.28	104.804780
-77.76	104.805244
-71.68	104.805708
-74.99	104.806172
-73.32	104.806636
-87.30	104.807100
-83.32	104.807563
-78.00	104.808027
-72.67	104.808491
-84.29	104.808955
-78.00	104.809419
-90.31	104.809883
-68.97	104.810347
-84.29	104.810811
-74.63	104.811274
-77.76	104.811738
-74.29	104.812202
-70.14	104.812666
-81.28	104.813130
-67.93	104.813594
-70.81	104.814058
-66.86	104.814521
-74.99	104.814985
-65.88	104.815449
-70.40	104.815913
-74.99	104.816377
-64.19	104.816841
-77.30	104.817305
-80.31	104.817769
-72.18	104.818232
-83.32	104.818696
-73.78	104.819160
-74.18	104.819624
-67.80	104.820088
-81.28	104.820552
-80.31	104.821016
-72.46	104.821479
-71.17	104.821943
-66.86	104.822407
-68.46	104.822871
-87.30	104.823335
-74.18	104.823799
-77.30	104.824263
-76.33	104.824727
-70.77	104.825190
-69.17	104.825654
-74.29	104.826118
-68.58	104.826582
-80.77	104.827046
-71.01	104.827510
-65.15	104.827974
-48.60	104.828438
-62.25	104.828901
-67.30	104.829365
-67.76	104.829829
-90.31	104.830293
-70.31	104.830757
-73.78	104.831221
-87.30	104.831685
-68.03	104.832148
-72.46	104.832612
-68.00	104.833076
-71.62	104.833540
-74.99	104.834004
-77.30	104.834468
-69.24	104.834932
-74.18	104.835396
-76.16	104.835859
-71.28	104.836323
-71.28	104.836787
-68.97	104.837251
-67.64	104.837715
-68.16	104.838179
-69.48	104.838643
-70.77	104.839106
-71.01	104.839570
-74.29	104.840034
-80.77	104.840498
-71.98	104.840962
-71.62	104.841426
-77.30	104.841890
-68.70	104.842354
-67.73	104.842817
-77.30	104.843281
-72.67	104.843745
-69.45	104.844209
-67.80	104.844673
-79.17	104.845137
-87.30	104.845601
-73.78	104.846064
-90.31	104.846528
-74.99	104.846992
-69.24	104.847456
-68.67	104.847920
-66.33	104.848384
-90.31	104.848848
-71.17	104.849312
-71.62	104.849775
-69.78	104.850239
-75.68	104.850703
-69.48	104.851167
-72.18	104.851631
-68.94	104.852095
-80.31	104.852559
-77.76	104.853022
-73.32	104.853486
-72.18	104.853950
-90.31	104.854414
-72.18	104.854878
-74.29	104.855342
-68.70	104.855806
-74.99	104.856270
-68.97	104.856733
-68.97	104.857197
-72.67	104.857661
-73.41	104.858125
-69.45	104.858589
-70.27	104.859053
-66.42	104.859517
-76.33	104.859980
-87.30	104.860444
-80.31	104.860908
-73.78	104.861372
-76.16	104.861836
-71.68	104.862300
-67.80	104.862764
-79.17	104.863228
-73.78	104.863691
-87.30	104.864155
-87.30	104.864619
-71.68	104.865083
-74.63	104.865547
-76.16	104.866011
-74.99	104.866475
-84.29	104.866938
-75.68	104.867402
-73.32	104.867866
-81.28	104.868330
-68.16	104.868794
-80.31	104.869258
-72.67	104.869722
-83.32	104.870186
-70.27	104.870649
-72.46	104.871113
-68.27	104.871577
-78.27	104.872041
-80.31	104.872505
-77.76	104.872969
-78.27	104.873433
-72.18	104.873896
-69.78	104.874360
-70.14	104.874824
-72.18	104.875288
-70.81	104.875752
-71.74	104.876216
-69.66	104.876680
-75.26	104.877144
-71.28	104.877607
-79.17	104.878071
-73.32	104.878535
-70.14	104.878999
-70.31	104.879463
-70.06	104.879927
-75.26	104.880391
-70.40	104.880854
-83.32	104.881318
-71.68	104.881782
-73.32	104.882246
-78.27	104.882710
-72.67	104.883174
-77.30	104.883638
-76.33	104.884102
-76.16	104.884565
-71.28	104.885029
-79.17	104.885493
-74.63	104.885957
-90.31	104.886421
-71.68	104.886885
-80.31	104.887349
-77.30	104.887812
-72.25	104.888276
-67.43	104.888740
-76.16	104.889204
-78.27	104.889668
-75.68	104.890132
-74.63	104.890596
-83.32	104.891060
-83.32	104.891523
-74.75	104.891987
-68.94	104.892451
-67.64	104.892915
-72.25	104.893379
-76.16	104.893843
-80.77	104.894307
-76.33	104.894771
-77.30	104.895234
-70.06	104.895698
-78.00	104.896162
-67.64	104.896626
-66.42	104.897090
-73.07	104.897554
-83.32	104.898018
-71.01	104.898481
-74.99	104.898945
-76.33	104.899409
-74.99	104.899873
-70.31	104.900337
-69.66	104.900801
-77.76	104.901265
-79.17	104.901729
-67.45	104.902192
-69.17	104.902656
-75.68	104.903120
-69.45	104.903584
-66.01	104.904048
-77.76	104.904512
-69.63	104.904976
-76.33	104.905439
-74.29	104.905903
-74.18	104.906367
-80.77	104.906831
-87.30	104.907295
-68.58	104.907759
-76.33	104.908223
-73.07	104.908687
-inf	104.909150
-78.00	104.909614
-80.77	104.910078
-81.28	104.910542
-71.22	104.911006
-71.17	104.911470
-74.99	104.911934
-69.78	104.912397
-80.31	104.912861
-70.27	104.913325
-76.16	104.913789
-72.46	104.914253
-80.77	104.914717
-80.31	104.915181
-87.30	104.915645
-76.33	104.916108
-67.80	104.916572
-66.79	104.917036
-75.68	104.917500
-74.99	104.917964
-74.29	104.918428
-71.62	104.918892
-80.31	104.919355
-81.28	104.919819
-71.17	104.920283
-68.61	104.920747
-72.18	104.921211
-72.46	104.921675
-70.31	104.922139
-83.32	104.922603
-72.67	104.923066
-69.17	104.923530
-77.30	104.923994
-80.31	104.924458
-76.16	104.924922
-74.29	104.925386
-72.25	104.925850
-77.30	104.926313
-75.68	104.926777
-inf	104.927241
-75.26	104.927705
-68.97	104.928169
-69.66	104.928633
-87.30	104.929097
-87.30	104.929561
-80.77	104.930024
-80.77	104.930488
-71.98	104.930952
-71.01	104.931416
-73.78	104.931880
-74.63	104.932344
-79.17	104.932808
-71.68	104.933271
-71.01	104.933735
-72.25	104.934199
-73.15	104.934663
-73.78	104.935127
-74.99	104.935591
-77.76	104.936055
-69.17	104.936519
-68.61	104.936982
-74.18	104.937446
-80.31	104.937910
-81.28	104.938374
-72.46	104.938838
-74.29	104.939302
-73.78	104.939766
-78.27	104.940229
-79.17	104.940693
-71.68	104.941157
-74.18	104.941621
-73.32	104.942085
-67.64	104.942549
-77.76	104.943013
-71.17	104.943477
-74.63	104.943940
-68.70	104.944404
-69.17	104.944868
-69.17	104.945332
-83.32	104.945796
-74.99	104.946260
-73.07	104.946724
-80.77	104.947187
-83.32	104.947651
-72.67	104.948115
-70.81	104.948579
-74.18	104.949043
-68.21	104.949507
-76.16	104.949971
-73.07	104.950435
-68.00	104.950898
-78.00	104.951362
-76.33	104.951826
-81.28	104.952290
-76.16	104.952754
-71.17	104.953218
-70.81	104.953682
-73.15	104.954146
-74.75	104.954609
-83.32	104.955073
-74.29	104.955537
-78.00	104.956001
-67.39	104.956465
-74.63	104.956929
-70.81	104.957393
-73.07	104.957856
-83.32	104.958320
-72.67	104.958784
-80.31	104.959248
-66.14	104.959712
-70.40	104.960176
-90.31	104.960640
-66.65	104.961104
-64.02	104.961567
-78.27	104.962031
-74.75	104.962495
-71.01	104.962959
-65.57	104.963423
-76.16	104.963887
-77.76	104.964351
-73.78	104.964814
-69.63	104.965278
-73.78	104.965742
-80.77	104.966206
-68.58	104.966670
-69.24	104.967134
-76.16	104.967598
-74.99	104.968062
-68.70	104.968525
-79.17	104.968989
-79.17	104.969453
-74.75	104.969917
-70.81	104.970381
-81.28	104.970845
-81.28	104.971309
-75.26	104.971772
-77.76	104.972236
-71.17	104.972700
-71.01	104.973164
-72.25	104.973628
-80.31	104.974092
-73.78	104.974556
-80.31	104.975020
-76.33	104.975483
-75.26	104.975947
-72.46	104.976411
-80.31	104.976875
-84.29	104.977339
-76.33	104.977803
-69.45	104.978267
-77.30	104.978730
-81.28	104.979194
-68.67	104.979658
-87.30	104.980122
-76.33	104.980586
-78.00	104.981050
-70.40	104.981514
-72.46	104.981978
-74.99	104.982441
-74.63	104.982905
-81.28	104.983369
-87.30	104.983833
-68.03	104.984297
-71.17	104.984761
-71.28	104.985225
-78.00	104.985688
-inf	104.986152
-72.18	104.986616
-71.01	104.987080
-74.29	104.987544
-90.31	104.988008
-90.31	104.988472
-83.32	104.988936
-72.18	104.989399
-74.29	104.989863
-73.78	104.990327
-79.17	104.990791
-77.76	104.991255
-68.35	104.991719
-69.17	104.992183
-74.63	104.992646
-72.46	104.993110
-80.77	104.993574
-74.99	104.994038
-66.49	104.994502
-74.99	104.994966
-77.30	104.995430
-72.18	104.995894
-73.15	104.996357
-75.68	104.996821
-80.31	104.997285
-74.29	104.997749
-72.67	104.998213
-71.17	104.998677
-69.34	104.999141
-68.97	104.999604
-83.32	105.000068
-74.75	105.000532
-71.62	105.000996
-inf	105.001460
-71.01	105.001924
-77.30	105.002388
-71.98	105.002852
-76.33	105.003315
-84.29	105.003779
-79.17	105.004243
-74.63	105.004707
-83.32	105.005171
-83.32	105.005635
-79.17	105.006099
-81.28	105.006563
-77.30	105.007026
-83.32	105.007490
-67.64	105.007954
-67.64	105.008418
-69.66	105.008882
-68.94	105.009346
-74.29	105.009810
-77.76	105.010273
-70.06	105.010737
-70.14	105.011201
-83.32	105.011665
-74.18	105.012129
-66.77	105.012593
-69.17	105.013057
-75.68	105.013521
-68.94	105.013984
-78.27	105.014448
-71.17	105.014912
-68.27	105.015376
-72.18	105.015840
-73.32	105.016304
-80.77	105.016768
-80.77	105.017231
-75.68	105.017695
-80.77	105.018159
-78.00	105.018623
-66.16	105.019087
-68.67	105.019551
-78.00	105.020015
-66.92	105.020479
-inf	105.020942
-75.68	105.021406
-73.78	105.021870
-74.29	105.022334
-80.77	105.022798
-73.32	105.023262
-76.33	105.023726
-67.05	105.024189
-80.77	105.024653
-71.17	105.025117
-69.78	105.025581
-72.25	105.026045
-73.32	105.026509
-71.01	105.026973
-72.46	105.027437
-71.28	105.027900
-68.35	105.028364
-69.48	105.028828
-90.31	105.029292
-78.27	105.029756
-73.32	105.030220
-73.15	105.030684
-73.15	105.031147
-71.62	105.031611
-71.22	105.032075
-83.32	105.032539
-68.27	105.033003
-69.48	105.033467
-77.30	105.033931
-78.00	105.034395
-75.26	105.034858
-68.58	105.035322
-80.31	105.035786
-79.17	105.036250
-71.28	105.036714
-74.63	105.037178
-76.33	105.037642
-78.27	105.038105
-72.46	105.038569
-84.29	105.039033
-72.18	105.039497
-74.75	105.039961
-68.97	105.040425
-72.18	105.040889
-83.32	105.041353
-74.18	105.041816
-77.76	105.042280
-74.29	105.042744
-72.46	105.043208
-72.18	105.043672
-68.70	105.044136
-73.07	105.044600
-75.26	105.045063
-72.67	105.045527
-73.78	105.045991
-75.26	105.046455
-71.01	105.046919
-76.33	105.047383
-78.00	105.047847
-84.29	105.048311
-72.25	105.048774
-73.15	105.049238
-78.00	105.049702
-66.14	105.050166
-71.28	105.050630
-66.79	105.051094
-70.06	105.051558
-80.31	105.052021
-66.79	105.052485
-73.07	105.052949
-69.45	105.053413
-72.18	105.053877
-73.78	105.054341
-70.77	105.054805
-68.70	105.055269
-83.32	105.055732
-69.34	105.056196
-73.78	105.056660
-71.68	105.057124
-73.32	105.057588
-73.32	105.058052
-70.31	105.058516
-67.30	105.058979
-62.87	105.059443
-54.86	105.059907
-63.48	105.060371
-66.71	105.060835
-70.27	105.061299
-70.44	105.061763
-66.47	105.062227
-75.26	105.062690
-77.30	105.063154
-68.67	105.063618
-84.29	105.064082
-67.30	105.064546
-69.78	105.065010
-74.18	105.065474
-83.32	105.065938
-84.29	105.066401
-65.26	105.066865
-80.77	105.067329
-73.78	105.067793
-73.15	105.068257
-69.24	105.068721
-76.16	105.069185
-72.67	105.069648
-73.15	105.070112
-68.70	105.070576
-73.41	105.071040
-65.68	105.071504
-64.83	105.071968
-71.01	105.072432
-80.31	105.072896
-77.30	105.073359
-71.62	105.073823
-87.30	105.074287
-71.74	105.074751
-68.00	105.075215
-74.29	105.075679
-72.46	105.076143
-78.00	105.076606
-80.31	105.077070
-71.62	105.077534
-74.18	105.077998
-67.39	105.078462
-81.28	105.078926
-76.33	105.079390
-76.33	105.079854
-75.68	105.080317
-76.16	105.080781
-73.32	105.081245
-73.78	105.081709
-76.33	105.082173
-69.78	105.082637
-72.67	105.083101
-80.31	105.083564
-72.46	105.084028
-74.99	105.084492
-83.32	105.084956
-76.33	105.085420
-76.33	105.085884
-74.18	105.086348
-74.99	105.086812
-87.30	105.087275
-80.31	105.087739
-78.00	105.088203
-79.17	105.088667
-73.07	105.089131
-87.30	105.089595
-71.01	105.090059
-72.18	105.090522
-74.18	105.090986
-90.31	105.091450
-76.16	105.091914
-71.74	105.092378
-76.16	105.092842
-81.28	105.093306
-71.62	105.093770
-68.03	105.094233
-74.18	105.094697
-73.32	105.095161
-84.29	105.095625
-81.28	105.096089
-74.29	105.096553
-74.99	105.097017
-71.01	105.097480
-70.31	105.097944
-84.29	105.098408
-74.29	105.098872
-75.68	105.099336
-79.17	105.099800
-70.77	105.100264
-78.27	105.100728
-73.78	105.101191
-76.33	105.101655
-73.78	105.102119
-74.63	105.102583
-76.16	105.103047
-72.18	105.103511
-73.07	105.103975
-77.76	105.104438
-75.68	105.104902
-69.78	105.105366
-73.78	105.105830
-73.07	105.106294
-76.16	105.106758
-73.32	105.107222
-74.99	105.107686
-73.07	105.108149
-77.30	105.108613
-75.26	105.109077
-70.31	105.109541
-80.31	105.110005
-83.32	105.110469
-83.32	105.110933
-74.99	105.111396
-87.30	105.111860
-68.00	105.112324
-87.30	105.112788
-84.29	105.113252
-78.27	105.113716
-68.61	105.114180
-75.68	105.114644
-73.07	105.115107
-74.29	105.115571
-69.93	105.116035
-90.31	105.116499
-75.68	105.116963
-74.63	105.117427
-83.32	105.117891
-76.16	105.118354
-79.17	105.118818
-68.35	105.119282
-71.22	105.119746
-67.73	105.120210
-77.30	105.120674
-83.32	105.121138
-74.29	105.121602
-68.27	105.122065
-79.17	105.122529
-73.07	105.122993
-71.98	105.123457
-71.68	105.123921
-77.30	105.124385
-76.16	105.124849
-68.35	105.125313
-70.81	105.125776
-73.15	105.126240
-79.17	105.126704
-74.99	105.127168
-71.22	105.127632
-77.30	105.128096
-72.18	105.128560
-69.63	105.129023
-83.32	105.129487
-70.81	105.129951
-84.29	105.130415
-74.99	105.130879
-76.16	105.131343
-70.81	105.131807
-73.78	105.132271
-74.63	105.132734
-83.32	105.133198
-68.70	105.133662
-72.46	105.134126
-72.46	105.134590
-76.33	105.135054
-77.30	105.135518
-73.32	105.135981
-70.81	105.136445
-70.31	105.136909
-75.26	105.137373
-78.00	105.137837
-79.17	105.138301
-80.31	105.138765
-72.67	105.139229
-83.32	105.139692
-76.16	105.140156
-74.18	105.140620
-76.16	105.141084
-75.26	105.141548
-74.18	105.142012
-74.99	105.142476
-74.18	105.142939
-76.33	105.143403
-74.99	105.143867
-73.15	105.144331
-72.67	105.144795
-69.78	105.145259
-68.46	105.145723
-71.62	105.146187
-73.41	105.146650
-76.16	105.147114
-71.98	105.147578
-68.27	105.148042
-69.63	105.148506
-76.33	105.148970
-81.28	105.149434
-77.30	105.149897
-72.18	105.150361
-83.32	105.150825
-69.63	105.151289
-74.63	105.151753
-72.18	105.152217
-70.77	105.152681
-74.63	105.153145
-77.76	105.153608
-68.21	105.154072
-90.31	105.154536
-90.31	105.155000
-67.13	105.155464
-78.00	105.155928
-80.77	105.156392
-77.30	105.156855
-75.68	105.157319
-68.03	105.157783
-78.27	105.158247
-73.32	105.158711
-70.27	105.159175
-80.31	105.159639
-73.15	105.160103
-70.40	105.160566
-71.17	105.161030
-70.31	105.161494
-83.32	105.161958
-73.15	105.162422
-74.18	105.162886
-77.76	105.163350
-71.98	105.163813
-74.99	105.164277
-75.26	105.164741
-75.26	105.165205
-72.25	105.165669
-81.28	105.166133
-68.27	105.166597
-87.30	105.167061
-75.68	105.167524
-71.01	105.167988
-79.17	105.168452
-72.46	105.168916
-78.00	105.169380
-83.32	105.169844
-72.46	105.170308
-74.99	105.170771
-80.31	105.171235
-87.30	105.171699
-80.31	105.172163
-77.76	105.172627
-72.67	105.173091
-68.97	105.173555
-74.75	105.174019
-78.00	105.174482
-inf	105.174946
-69.17	105.175410
-73.78	105.175874
-70.14	105.176338
-74.99	105.176802
-74.99	105.177266
-84.29	105.177729
-70.77	105.178193
-66.86	105.178657
-71.98	105.179121
-76.33	105.179585
-90.31	105.180049
-72.18	105.180513
-71.98	105.180977
-78.27	105.181440
-71.62	105.181904
-73.07	105.182368
-75.68	105.182832
-77.30	105.183296
-74.29	105.183760
-70.31	105.184224
-78.00	105.184687
-78.00	105.185151
-76.33	105.185615
-68.70	105.186079
-74.29	105.186543
-77.30	105.187007
-73.15	105.187471
-76.16	105.187935
-78.00	105.188398
-80.31	105.188862
-67.19	105.189326
-72.25	105.189790
-71.28	105.190254
-84.29	105.190718
-75.68	105.191182
-73.32	105.191646
-69.17	105.192109
-67.45	105.192573
-84.29	105.193037
-72.18	105.193501
-74.63	105.193965
-80.31	105.194429
-68.46	105.194893
-78.00	105.195356
-79.17	105.195820
-71.01	105.196284
-70.81	105.196748
-73.15	105.197212
-77.30	105.197676
-73.32	105.198140
-79.17	105.198604
-76.16	105.199067
-75.26	105.199531
-69.78	105.199995
-67.64	105.200459
-71.98	105.200923
-80.31	105.201387
-77.30	105.201851
-68.03	105.202314
-68.46	105.202778
-69.34	105.203242
-69.78	105.203706
-67.26	105.204170
-70.77	105.204634
-79.17	105.205098
-83.32	105.205562
-69.45	105.206025
-78.00	105.206489
-74.18	105.206953
-77.30	105.207417
-74.18	105.207881
-74.18	105.208345
-70.81	105.208809
-77.76	105.209272
-68.61	105.209736
-75.26	105.210200
-74.63	105.210664
-77.30	105.211128
-73.07	105.211592
-71.74	105.212056
-68.97	105.212520
-75.26	105.212983
-80.31	105.213447
-80.31	105.213911
-75.68	105.214375
-83.32	105.214839
-inf	105.215303
-72.25	105.215767
-69.24	105.216230
-71.17	105.216694
-75.68	105.217158
-79.17	105.217622
-74.18	105.218086
-71.74	105.218550
-79.17	105.219014
-75.68	105.219478
-74.29	105.219941
-78.27	105.220405
-76.33	105.220869
-80.77	105.221333
-77.76	105.221797
-69.17	105.222261
-75.26	105.222725
-71.22	105.223188
-77.30	105.223652
-76.16	105.224116
-83.32	105.224580
-81.28	105.225044
-81.28	105.225508
-66.33	105.225972
-74.18	105.226436
-70.81	105.226899
-68.58	105.227363
-73.41	105.227827
-70.31	105.228291
-71.01	105.228755
-67.45	105.229219
-67.93	105.229683
-87.30	105.230146
-70.40	105.230610
-73.32	105.231074
-78.27	105.231538
-72.25	105.232002
-80.31	105.232466
-73.15	105.232930
-90.31	105.233394
-71.62	105.233857
-87.30	105.234321
-73.41	105.234785
-72.18	105.235249
-64.92	105.235713
-71.98	105.236177
-67.45	105.236641
-71.28	105.237104
-73.32	105.237568
-74.18	105.238032
-72.67	105.238496
-73.32	105.238960
-73.78	105.239424
-71.62	105.239888
-79.17	105.240352
-66.62	105.240815
-83.32	105.241279
-73.15	105.241743
-90.31	105.242207
-90.31	105.242671
-74.63	105.243135
-87.30	105.243599
-76.33	105.244062
-87.30	105.244526
-inf	105.244990
-70.06	105.245454
-83.32	105.245918
-74.18	105.246382
-78.27	105.246846
-71.22	105.247310
-83.32	105.247773
-66.71	105.248237
-71.01	105.248701
-69.66	105.249165
-78.00	105.249629
-70.27	105.250093
-80.77	105.250557
-69.17	105.251021
-69.34	105.251484
-73.32	105.251948
-74.29	105.252412
-72.67	105.252876
-70.06	105.253340
-75.68	105.253804
-72.46	105.254268
-69.66	105.254731
-75.26	105.255195
-79.17	105.255659
-80.77	105.256123
-71.28	105.256587
-75.68	105.257051
-83.32	105.257515
-74.63	105.257979
-69.93	105.258442
-83.32	105.258906
-75.26	105.259370
-73.07	105.259834
-79.17	105.260298
-74.29	105.260762
-74.75	105.261226
-79.17	105.261689
-72.18	105.262153
-83.32	105.262617
-69.66	105.263081
-76.33	105.263545
-80.31	105.264009
-73.32	105.264473
-71.62	105.264937
-74.29	105.265400
-77.30	105.265864
-70.81	105.266328
-77.76	105.266792
-73.32	105.267256
-90.31	105.267720
-72.67	105.268184
-76.33	105.268647
-71.01	105.269111
-74.29	105.269575
-79.17	105.270039
-74.75	105.270503
-72.46	105.270967
-71.17	105.271431
-72.18	105.271895
-69.17	105.272358
-68.58	105.272822
-74.75	105.273286
-73.15	105.273750
-72.18	105.274214
-68.70	105.274678
-76.33	105.275142
-67.45	105.275605
-70.27	105.276069
-73.32	105.276533
-70.44	105.276997
-78.00	105.277461
-74.18	105.277925
-75.68	105.278389
-71.62	105.278853
-76.33	105.279316
-76.16	105.279780
-72.67	105.280244
-75.68	105.280708
-87.30	105.281172
-69.45	105.281636
-74.99	105.282100
-69.63	105.282563
-75.68	105.283027
-74.99	105.283491
-80.31	105.283955
-74.63	105.284419
-83.32	105.284883
-65.96	105.285347
-77.76	105.285811
-74.18	105.286274
-76.16	105.286738
-70.31	105.287202
-76.16	105.287666
-74.75	105.288130
-76.33	105.288594
-71.68	105.289058
-79.17	105.289521
-87.30	105.289985
-73.41	105.290449
-69.17	105.290913
-78.27	105.291377
-72.18	105.291841
-77.30	105.292305
-80.31	105.292769
-83.32	105.293232
-66.71	105.293696
-72.18	105.294160
-83.32	105.294624
-80.31	105.295088
-67.80	105.295552
-87.30	105.296016
-74.18	105.296479
-73.32	105.296943
-66.42	105.297407
-74.18	105.297871
-74.75	105.298335
-74.63	105.298799
-67.43	105.299263
-80.77	105.299727
-74.99	105.300190
-66.62	105.300654
-73.32	105.301118
-69.78	105.301582
-76.33	105.302046
-79.17	105.302510
-76.16	105.302974
-72.46	105.303438
-71.28	105.303901
-74.29	105.304365
-73.32	105.304829
-74.18	105.305293
-84.29	105.305757
-70.27	105.306221
-72.25	105.306685
-79.17	105.307148
-76.33	105.307612
-77.76	105.308076
-74.99	105.308540
-66.77	105.309004
-inf	105.309468
-70.40	105.309932
-79.17	105.310396
-76.16	105.310859
-74.99	105.311323
-74.75	105.311787
-71.28	105.312251
-90.31	105.312715
-80.31	105.313179
-71.68	105.313643
-66.65	105.314106
-69.48	105.314570
-73.32	105.315034
-83.32	105.315498
-73.15	105.315962
-74.99	105.316426
-75.26	105.316890
-78.00	105.317354
-78.00	105.317817
-73.32	105.318281
-80.31	105.318745
-81.28	105.319209
-69.66	105.319673
-73.78	105.320137
-74.99	105.320601
-66.86	105.321064
-74.18	105.321528
-72.67	105.321992
-76.16	105.322456
-76.16	105.322920
-80.31	105.323384
-69.34	105.323848
-81.28	105.324312
-80.31	105.324775
-79.17	105.325239
-70.27	105.325703
-75.68	105.326167
-79.17	105.326631
-73.78	105.327095
-78.27	105.327559
-77.30	105.328022
-73.15	105.328486
-67.36	105.328950
-76.33	105.329414
-73.07	105.329878
-80.31	105.330342
-73.78	105.330806
-81.28	105.331270
-75.26	105.331733
-68.97	105.332197
-66.16	105.332661
-71.68	105.333125
-77.30	105.333589
-79.17	105.334053
-71.01	105.334517
-83.32	105.334980
-80.31	105.335444
-70.40	105.335908
-72.46	105.336372
-73.32	105.336836
-73.41	105.337300
-73.32	105.337764
-79.17	105.338228
-78.00	105.338691
-76.16	105.339155
-71.17	105.339619
-73.07	105.340083
-71.22	105.340547
-80.31	105.341011
-74.29	105.341475
-72.67	105.341938
-80.77	105.342402
-76.16	105.342866
-71.17	105.343330
-74.99	105.343794
-70.06	105.344258
-71.74	105.344722
-68.03	105.345186
-73.78	105.345649
-72.18	105.346113
-78.27	105.346577
-73.32	105.347041
-84.29	105.347505
-69.17	105.347969
-74.99	105.348433
-75.68	105.348896
-73.07	105.349360
-72.67	105.349824
-69.48	105.350288
-76.33	105.350752
-76.16	105.351216
-68.97	105.351680
-70.31	105.352144
-84.29	105.352607
-76.33	105.353071
-72.67	105.353535
-77.76	105.353999
-87.30	105.354463
-87.30	105.354927
-72.25	105.355391
-76.16	105.355854
-71.68	105.356318
-72.18	105.356782
-74.75	105.357246
-78.27	105.357710
-77.30	105.358174
-73.32	105.358638
-74.63	105.359102
-70.06	105.359565
-77.76	105.360029
-67.45	105.360493
-70.27	105.360957
-69.78	105.361421
-74.18	105.361885
-84.29	105.362349
-66.77	105.362813
-68.67	105.363276
-77.76	105.363740
-75.26	105.364204
-69.45	105.364668
-71.22	105.365132
-73.07	105.365596
-72.18	105.366060
-69.34	105.366523
-74.75	105.366987
-68.70	105.367451
-70.44	105.367915
-70.77	105.368379
-64.63	105.368843
-71.22	105.369307
-68.70	105.369771
-67.43	105.370234
-68.27	105.370698
-73.78	105.371162
-83.32	105.371626
-79.17	105.372090
-73.07	105.372554
-66.08	105.373018
-71.01	105.373481
-77.76	105.373945
-67.64	105.374409
-68.00	105.374873
-68.67	105.375337
-70.77	105.375801
-72.67	105.376265
-69.48	105.376729
-83.32	105.377192
-68.00	105.377656
-65.88	105.378120
-64.99	105.378584
-75.68	105.379048
-73.32	105.379512
-70.81	105.379976
-65.70	105.380439
-70.31	105.380903
-68.94	105.381367
-66.08	105.381831
-71.17	105.382295
-70.81	105.382759
-71.01	105.383223
-73.78	105.383687
-74.99	105.384150
-75.68	105.384614
-83.32	105.385078
-67.30	105.385542
-72.18	105.386006
-71.28	105.386470
-69.45	105.386934
-79.17	105.387397
-73.32	105.387861
-71.01	105.388325
-66.23	105.388789
-62.91	105.389253
-80.77	105.389717
-67.05	105.390181
-72.67	105.390645
-71.68	105.391108
-70.31	105.391572
-63.71	105.392036
-60.46	105.392500
-70.77	105.392964
-84.29	105.393428
-60.78	105.393892
-63.32	105.394355
-63.42	105.394819
-61.23	105.395283
-64.24	105.395747
-58.31	105.396211
-63.07	105.396675
-63.46	105.397139
-69.93	105.397603
-60.44	105.398066
-59.26	105.398530
-63.07	105.398994
-61.17	105.399458
-61.11	105.399922
-63.15	105.400386
-63.41	105.400850
-61.87	105.401313
-59.50	105.401777
-60.41	105.402241
-65.68	105.402705
-63.42	105.403169
-58.51	105.403633
-66.16	105.404097
-69.17	105.404561
-62.24	105.405024
-62.03	105.405488
-64.92	105.405952
-61.49	105.406416
-62.64	105.406880
-63.14	105.407344
-63.45	105.407808
-57.87	105.408271
-68.03	105.408735
-56.17	105.409199
-56.42	105.409663
-75.68	105.410127
-58.33	105.410591
-60.12	105.411055
-67.30	105.411519
-61.41	105.411982
-58.65	105.412446
-56.17	105.412910
-58.58	105.413374
-60.48	105.413838
-69.17	105.414302
-78.00	105.414766
-73.32	105.415229
-64.88	105.415693
-90.31	105.416157
-68.03	105.416621
-74.29	105.417085
-76.33	105.417549
-76.16	105.418013
-69.17	105.418477
-76.33	105.418940
-69.93	105.419404
-74.29	105.419868
-68.00	105.420332
-90.31	105.420796
-71.17	105.421260
-78.00	105.421724
-67.64	105.422188
-70.81	105.422651
-78.27	105.423115
-66.14	105.423579
-79.17	105.424043
-87.30	105.424507
-inf	105.424971
-71.01	105.425435
-66.62	105.425898
-74.63	105.426362
-73.78	105.426826
-72.67	105.427290
-80.31	105.427754
-73.15	105.428218
-90.31	105.428682
-70.14	105.429146
-75.26	105.429609
-69.34	105.430073
-77.76	105.430537
-68.70	105.431001
-70.31	105.431465
-73.07	105.431929
-71.01	105.432393
-71.01	105.432856
-75.68	105.433320
-87.30	105.433784
-74.29	105.434248
-76.33	105.434712
-76.16	105.435176
-83.32	105.435640
-69.17	105.436104
-68.58	105.436567
-73.32	105.437031
-71.98	105.437495
-78.00	105.437959
-74.75	105.438423
-77.30	105.438887
-84.29	105.439351
-76.33	105.439814
-71.68	105.440278
-73.78	105.440742
-79.17	105.441206
-79.17	105.441670
-73.32	105.442134
-80.31	105.442598
-81.28	105.443062
-68.94	105.443525
-90.31	105.443989
-80.77	105.444453
-84.29	105.444917
-74.63	105.445381
-87.30	105.445845
-71.74	105.446309
-84.29	105.446772
-81.28	105.447236
-74.29	105.447700
-69.63	105.448164
-73.32	105.448628
-74.29	105.449092
-83.32	105.449556
-74.29	105.450020
-76.33	105.450483
-71.98	105.450947
-83.32	105.451411
-73.15	105.451875
-76.16	105.452339
-83.32	105.452803
-71.62	105.453267
-67.76	105.453730
-80.31	105.454194
-74.29	105.454658
-70.77	105.455122
-72.18	105.455586
-76.33	105.456050
-84.29	105.456514
-78.00	105.456978
-75.26	105.457441
-78.00	105.457905
-74.75	105.458369
-81.28	105.458833
-83.32	105.459297
-74.75	105.459761
-84.29	105.460225
-70.81	105.460688
-84.29	105.461152
-73.07	105.461616
-75.68	105.462080
-76.16	105.462544
-71.22	105.463008
-79.17	105.463472
-79.17	105.463936
-78.00	105.464399
-70.31	105.464863
-76.33	105.465327
-75.68	105.465791
-77.30	105.466255
-71.22	105.466719
-74.29	105.467183
-83.32	105.467646
-66.79	105.468110
-76.33	105.468574
-inf	105.469038
-70.81	105.469502
-77.30	105.469966
-73.32	105.470430
-90.31	105.470894
-80.31	105.471357
-72.18	105.471821
-84.29	105.472285
-73.32	105.472749
-81.28	105.473213
-72.67	105.473677
-79.17	105.474141
-71.98	105.474604
-75.68	105.475068
-71.98	105.475532
-68.97	105.475996
-73.32	105.476460
-67.93	105.476924
-77.30	105.477388
-71.62	105.477852
-78.00	105.478315
-73.32	105.478779
-69.93	105.479243
-90.31	105.479707
-76.33	105.480171
-67.93	105.480635
-76.33	105.481099
-78.27	105.481562
-77.30	105.482026
-71.68	105.482490
-73.07	105.482954
-71.22	105.483418
-80.31	105.483882
-72.18	105.484346
-68.27	105.484810
-71.62	105.485273
-77.30	105.485737
-74.29	105.486201
-79.17	105.486665
-74.63	105.487129
-73.15	105.487593
-74.29	105.488057
-74.18	105.488521
-75.68	105.488984
-87.30	105.489448
-71.62	105.489912
-74.75	105.490376
-79.17	105.490840
-72.25	105.491304
-69.34	105.491768
-73.78	105.492231
-71.68	105.492695
-70.81	105.493159
-76.33	105.493623
-71.62	105.494087
-71.17	105.494551
-79.17	105.495015
-71.28	105.495479
-70.40	105.495942
-67.64	105.496406
-76.33	105.496870
-73.32	105.497334
-74.18	105.497798
-73.32	105.498262
-69.63	105.498726
-72.25	105.499189
-73.78	105.499653
-77.76	105.500117
-72.46	105.500581
-70.31	105.501045
-68.00	105.501509
-80.77	105.501973
-90.31	105.502437
-80.31	105.502900
-80.77	105.503364
-76.33	105.503828
-67.73	105.504292
-77.30	105.504756
-80.31	105.505220
-76.16	105.505684
-75.26	105.506147
-71.28	105.506611
-72.18	105.507075
-68.94	105.507539
-70.31	105.508003
-67.19	105.508467
-76.16	105.508931
-67.64	105.509395
-inf	105.509858
-67.93	105.510322
-76.16	105.510786
-68.46	105.511250
-74.29	105.511714
-72.18	105.512178
-67.93	105.512642
-70.14	105.513105
-66.14	105.513569
-67.26	105.514033
-68.94	105.514497
-74.99	105.514961
-71.98	105.515425
-70.81	105.515889
-64.28	105.516353
-64.32	105.516816
-65.68	105.517280
-60.44	105.517744
-60.24	105.518208
-65.19	105.518672
-74.63	105.519136
-64.07	105.519600
-65.68	105.520063
-68.73	105.520527
-63.38	105.520991
-80.31	105.521455
-65.30	105.521919
-66.08	105.522383
-69.34	105.522847
-56.50	105.523311
-59.31	105.523774
-67.26	105.524238
-71.68	105.524702
-67.64	105.525166
-63.70	105.525630
-69.63	105.526094
-68.16	105.526558
-63.00	105.527021
-62.16	105.527485
-59.80	105.527949
-58.61	105.528413
-56.39	105.528877
-83.32	105.529341
-60.84	105.529805
-56.17	105.530269
-58.20	105.530732
-64.64	105.531196
-63.14	105.531660
-62.85	105.532124
-61.23	105.532588
-61.17	105.533052
-62.63	105.533516
-77.30	105.533979
-67.05	105.534443
-65.03	105.534907
-68.16	105.535371
-56.50	105.535835
-66.42	105.536299
-68.70	105.536763
-67.05	105.537227
-64.92	105.537690
-70.14	105.538154
-64.79	105.538618
-61.63	105.539082
-61.91	105.539546
-64.64	105.540010
-66.08	105.540474
-78.00	105.540937
-59.93	105.541401
-56.56	105.541865
-65.19	105.542329
-66.49	105.542793
-62.63	105.543257
-63.07	105.543721
-60.48	105.544185
-73.32	105.544648
-68.27	105.545112
-65.47	105.545576
-66.79	105.546040
-59.00	105.546504
-59.88	105.546968
-59.47	105.547432
-73.32	105.547896
-63.91	105.548359
-65.57	105.548823
-73.32	105.549287
-64.63	105.549751
-73.15	105.550215
-62.18	105.550679
-73.78	105.551143
-71.68	105.551606
-63.32	105.552070
-69.45	105.552534
-57.04	105.552998
-58.00	105.553462
-65.93	105.553926
-78.00	105.554390
-67.45	105.554854
-56.96	105.555317
-70.77	105.555781
-61.71	105.556245
-66.64	105.556709
-64.41	105.557173
-63.38	105.557637
-58.61	105.558101
-73.32	105.558564
-64.02	105.559028
-57.46	105.559492
-74.18	105.559956
-61.43	105.560420
-61.04	105.560884
-58.20	105.561348
-60.85	105.561812
-67.39	105.562275
-60.41	105.562739
-62.79	105.563203
-75.68	105.563667
-71.01	105.564131
-70.31	105.564595
-64.59	105.565059
-62.58	105.565522
-61.93	105.565986
-73.78	105.566450
-61.91	105.566914
-67.30	105.567378
-76.16	105.567842
-74.99	105.568306
-67.30	105.568770
-66.64	105.569233
-57.92	105.569697
-61.31	105.570161
-59.80	105.570625
-56.93	105.571089
-72.67	105.571553
-65.26	105.572017
-60.94	105.572480
-67.13	105.572944
-72.67	105.573408
-65.20	105.573872
-65.47	105.574336
-69.34	105.574800
-74.99	105.575264
-67.30	105.575728
-64.88	105.576191
-57.70	105.576655
-65.03	105.577119
-70.27	105.577583
-70.40	105.578047
-65.88	105.578511
-65.82	105.578975
-61.98	105.579438
-71.01	105.579902
-71.01	105.580366
-71.01	105.580830
-60.65	105.581294
-69.17	105.581758
-70.06	105.582222
-70.31	105.582686
-65.19	105.583149
-67.30	105.583613
-61.01	105.584077
-65.26	105.584541
-64.29	105.585005
-71.01	105.585469
-63.52	105.585933
-73.32	105.586396
-74.29	105.586860
-71.62	105.587324
-71.98	105.587788
-69.24	105.588252
-74.29	105.588716
-71.62	105.589180
-63.49	105.589644
-63.04	105.590107
-60.66	105.590571
-65.08	105.591035
-68.70	105.591499
-64.69	105.591963
-59.34	105.592427
-72.46	105.592891
-69.17	105.593354
-65.70	105.593818
-66.08	105.594282
-68.94	105.594746
-71.68	105.595210
-64.38	105.595674
-64.73	105.596138
-66.92	105.596602
-67.13	105.597065
-61.32	105.597529
-64.32	105.597993
-66.33	105.598457
-67.73	105.598921
-64.04	105.599385
-66.23	105.599849
-65.88	105.600313
-65.19	105.600776
-64.35	105.601240
-67.73	105.601704
-65.68	105.602168
-63.24	105.602632
-76.16	105.603096
-64.88	105.603560
-79.17	105.604023
-76.33	105.604487
-71.68	105.604951
-65.26	105.605415
-69.66	105.605879
-81.28	105.606343
-72.46	105.606807
-69.78	105.607271
-65.03	105.607734
-63.79	105.608198
-64.55	105.608662
-60.27	105.609126
-70.44	105.609590
-65.35	105.610054
-74.75	105.610518
-66.65	105.610981
-79.17	105.611445
-74.29	105.611909
-62.67	105.612373
-74.63	105.612837
-68.35	105.613301
-64.99	105.613765
-70.06	105.614229
-72.18	105.614692
-73.32	105.615156
-68.58	105.615620
-87.30	105.616084
-67.76	105.616548
-75.68	105.617012
-77.30	105.617476
-72.46	105.617939
-68.94	105.618403
-65.15	105.618867
-62.63	105.619331
-65.93	105.619795
-63.07	105.620259
-70.44	105.620723
-71.28	105.621187
-65.88	105.621650
-61.41	105.622114
-60.84	105.622578
-65.45	105.623042
-62.64	105.623506
-65.19	105.623970
-66.92	105.624434
-68.97	105.624897
-64.69	105.625361
-73.07	105.625825
-64.32	105.626289
-65.64	105.626753
-90.31	105.627217
-inf	105.627681
-71.01	105.628145
-64.99	105.628608
-69.66	105.629072
-72.18	105.629536
-70.81	103.730000
-71.28	103.730464
-67.64	103.730928
-73.78	103.731392
-78.27	103.731855
-66.49	103.732319
-66.01	103.732783
-70.40	103.733247
-67.43	103.733711
-70.81	103.734175
-71.17	103.734639
-77.76	103.735103
-77.30	103.735566
-77.30	103.736030
-81.28	103.736494
-73.78	103.736958
-84.29	103.737422
-71.01	103.737886
-67.30	103.738350
-74.99	103.738813
-76.16	103.739277
-72.25	103.739741
-74.29	103.740205
-73.15	103.740669
-70.31	103.741133
-77.76	103.741597
-77.76	103.742061
-79.17	103.742524
-68.03	103.742988
-69.34	103.743452
-76.33	103.743916
-74.63	103.744380
-76.33	103.744844
-79.17	103.745308
-81.28	103.745771
-77.76	103.746235
-81.28	103.746699
-73.32	103.747163
-73.15	103.747627
-76.16	103.748091
-74.29	103.748555
-87.30	103.749019
-76.33	103.749482
-73.32	103.749946
-73.15	103.750410
-78.00	103.750874
-87.30	103.751338
-70.14	103.751802
-73.32	103.752266
-76.16	103.752729
-72.25	103.753193
-68.94	103.753657
-74.29	103.754121
-76.33	103.754585
-83.32	103.755049
-72.18	103.755513
-70.14	103.755977
-72.67	103.756440
-77.30	103.756904
-68.03	103.757368
-67.93	103.757832
-77.30	103.758296
-80.31	103.758760
-66.62	103.759224
-70.81	103.759687
-78.00	103.760151
-83.32	103.760615
-74.63	103.761079
-74.99	103.761543
-69.66	103.762007
-65.26	103.762471
-87.30	103.762935
-67.36	103.763398
-73.32	103.763862
-74.63	103.764326
-77.30	103.764790
-74.29	103.765254
-76.16	103.765718
-65.70	103.766182
-84.29	103.766646
-77.30	103.767109
-72.18	103.767573
-77.76	103.768037
-72.46	103.768501
-72.18	103.768965
-68.16	103.769429
-73.78	103.769893
-68.35	103.770356
-72.18	103.770820
-74.18	103.771284
-68.70	103.771748
-73.32	103.772212
-71.62	103.772676
-73.32	103.773140
-80.77	103.773604
-68.27	103.774067
-74.99	103.774531
-83.32	103.774995
-79.17	103.775459
-81.28	103.775923
-71.17	103.776387
-71.62	103.776851
-75.68	103.777314
-73.41	103.777778
-72.18	103.778242
-73.07	103.778706
-72.67	103.779170
-67.76	103.779634
-78.00	103.780098
-72.18	103.780562
-69.66	103.781025
-74.63	103.781489
-79.17	103.781953
-78.27	103.782417
-76.33	103.782881
-76.33	103.783345
-73.07	103.783809
-78.27	103.784272
-76.16	103.784736
-72.67	103.785200
-76.33	103.785664
-71.17	103.786128
-78.00	103.786592
-73.32	103.787056
-84.29	103.787520
-72.67	103.787983
-71.28	103.788447
-77.30	103.788911
-75.68	103.789375
-76.33	103.789839
-74.99	103.790303
-73.15	103.790767
-69.45	103.791230
-68.61	103.791694
-66.08	103.792158
-69.34	103.792622
-68.70	103.793086
-72.67	103.793550
-74.18	103.794014
-79.17	103.794478
-74.75	103.794941
-74.29	103.795405
-75.68	103.795869
-74.18	103.796333
-67.43	103.796797
-69.45	103.797261
-67.30	103.797725
-90.31	103.798188
-74.29	103.798652
-74.75	103.799116
-80.77	103.799580
-76.16	103.800044
-73.15	103.800508
-74.29	103.800972
-72.18	103.801436
-76.33	103.801899
-66.01	103.802363
-64.64	103.802827
-71.28	103.803291
-72.18	103.803755
-76.33	103.804219
-68.70	103.804683
-68.97	103.805146
-67.26	103.805610
-68.73	103.806074
-67.13	103.806538
-72.67	103.807002
-73.15	103.807466
-74.75	103.807930
-65.03	103.808394
-69.17	103.808857
-67.43	103.809321
-67.93	103.809785
-76.33	103.810249
-87.30	103.810713
-71.28	103.811177
-66.86	103.811641
-67.26	103.812104
-68.73	103.812568
-64.69	103.813032
-74.75	103.813496
-65.93	103.813960
-62.35	103.814424
-65.26	103.814888
-65.88	103.815352
-65.45	103.815815
-71.68	103.816279
-73.15	103.816743
-66.21	103.817207
-65.82	103.817671
-70.81	103.818135
-70.06	103.818599
-74.63	103.819063
-84.29	103.819526
-70.06	103.819990
-69.45	103.820454
-68.46	103.820918
-76.33	103.821382
-70.31	103.821846
-66.08	103.822310
-71.01	103.822773
-66.08	103.823237
-64.55	103.823701
-71.28	103.824165
-73.07	103.824629
-78.00	103.825093
-68.03	103.825557
-71.62	103.826021
-72.18	103.826484
-66.92	103.826948
-63.62	103.827412
-63.78	103.827876
-69.24	103.828340
-62.79	103.828804
-66.86	103.829268
-80.31	103.829731
-60.90	103.830195
-66.86	103.830659
-79.17	103.831123
-67.05	103.831587
-66.86	103.832051
-63.83	103.832515
-83.32	103.832979
-60.32	103.833442
-59.41	103.833906
-63.20	103.834370
-65.70	103.834834
-61.06	103.835298
-65.68	103.835762
-63.15	103.836226
-62.85	103.836689
-69.34	103.837153
-56.48	103.837617
-55.60	103.838081
-61.47	103.838545
-62.02	103.839009
-58.10	103.839473
-54.24	103.839937
-60.40	103.840400
-78.27	103.840864
-64.69	103.841328
-58.44	103.841792
-59.97	103.842256
-73.07	103.842720
-77.30	103.843184
-62.70	103.843647
-57.42	103.844111
-58.40	103.844575
-55.84	103.845039
-60.77	103.845503
-56.54	103.845967
-53.88	103.846431
-56.89	103.846895
-60.37	103.847358
-56.19	103.847822
-61.06	103.848286
-60.84	103.848750
-59.39	103.849214
-62.70	103.849678
-56.05	103.850142
-57.64	103.850605
-57.84	103.851069
-56.54	103.851533
-58.36	103.851997
-58.04	103.852461
-67.93	103.852925
-58.20	103.853389
-65.02	103.853853
-63.04	103.854316
-56.62	103.854780
-56.86	103.855244
-59.69	103.855708
-62.63	103.856172
-63.62	103.856636
-68.00	103.857100
-55.36	103.857563
-56.10	103.858027
-57.36	103.858491
-49.18	103.858955
-56.50	103.859419
-58.69	103.859883
-64.04	103.860347
-60.41	103.860811
-53.25	103.861274
-52.05	103.861738
-54.21	103.862202
-65.65	103.862666
-62.19	103.863130
-53.92	103.863594
-50.46	103.864058
-59.47	103.864521
-54.89	103.864985
-66.08	103.865449
-50.25	103.865913
-66.33	103.866377
-62.52	103.866841
-61.62	103.867305
-54.91	103.867769
-51.67	103.868232
-64.55	103.868696
-54.78	103.869160
-57.84	103.869624
-52.12	103.870088
-53.45	103.870552
-62.46	103.871016
-72.46	103.871479
-63.48	103.871943
-49.21	103.872407
-60.08	103.872871
-52.63	103.873335
-56.34	103.873799
-56.23	103.874263
-59.47	103.874727
-58.03	103.875190
-58.09	103.875654
-61.17	103.876118
-53.25	103.876582
-54.72	103.877046
-56.72	103.877510
-66.43	103.877974
-64.02	103.878438
-64.29	103.878901
-71.28	103.879365
-63.15	103.879829
-58.31	103.880293
-60.06	103.880757
-53.57	103.881221
-56.17	103.881685
-63.38	103.882148
-57.41	103.882612
-54.10	103.883076
-55.64	103.883540
-56.82	103.884004
-54.84	103.884468
-58.00	103.884932
-54.51	103.885396
-55.22	103.885859
-52.67	103.886323
-63.15	103.886787
-63.15	103.887251
-58.02	103.887715
-61.11	103.888179
-61.45	103.888643
-61.01	103.889106
-52.43	103.889570
-57.02	103.890034
-55.99	103.890498
-56.30	103.890962
-54.31	103.891426
-61.17	103.891890
-64.83	103.892354
-58.31	103.892817
-55.04	103.893281
-55.23	103.893745
-62.18	103.894209
-57.53	103.894673
-65.70	103.895137
-65.02	103.895601
-56.29	103.896064
-72.18	103.896528
-59.12	103.896992
-54.20	103.897456
-58.58	103.897920
-64.63	103.898384
-64.55	103.898848
-55.50	103.899312
-59.34	103.899775
-59.83	103.900239
-74.18	103.900703
-56.95	103.901167
-63.45	103.901631
-76.33	103.902095
-64.18	103.902559
-63.78	103.903022
-62.18	103.903486
-67.45	103.903950
-61.04	103.904414
-61.71	103.904878
-65.65	103.905342
-64.23	103.905806
-87.30	103.906270
-68.97	103.906733
-81.28	103.907197
-67.26	103.907661
-71.68	103.908125
-60.37	103.908589
-69.48	103.909053
-64.64	103.909517
-61.88	103.909980
-69.45	103.910444
-60.70	103.910908
-66.08	103.911372
-63.20	103.911836
-61.80	103.912300
-59.15	103.912764
-68.58	103.913228
-64.83	103.913691
-65.68	103.914155
-67.80	103.914619
-62.79	103.915083
-62.76	103.915547
-73.32	103.916011
-72.67	103.916475
-71.28	103.916938
-71.01	103.917402
-62.46	103.917866
-68.61	103.918330
-81.28	103.918794
-69.17	103.919258
-59.23	103.919722
-65.82	103.920186
-66.79	103.920649
-64.02	103.921113
-64.29	103.921577
-68.16	103.922041
-68.00	103.922505
-63.62	103.922969
-63.91	103.923433
-67.19	103.923896
-79.17	103.924360
-63.32	103.924824
-70.27	103.925288
-66.79	103.925752
-64.99	103.926216
-77.30	103.926680
-74.29	103.927144
-72.25	103.927607
-69.78	103.928071
-67.26	103.928535
-69.66	103.928999
-74.29	103.929463
-74.99	103.929927
-68.97	103.930391
-68.00	103.930854
-65.30	103.931318
-65.70	103.931782
-72.67	103.932246
-67.13	103.932710
-63.85	103.933174
-71.28	103.933638
-73.78	103.934102
-77.76	103.934565
-70.31	103.935029
-71.01	103.935493
-79.17	103.935957
-83.32	103.936421
-68.35	103.936885
-70.40	103.937349
-71.28	103.937813
-70.31	103.938276
-72.67	103.938740
-72.67	103.939204
-68.61	103.939668
-90.31	103.940132
-72.18	103.940596
-76.33	103.941060
-70.81	103.941523
-77.30	103.941987
-66.71	103.942451
-83.32	103.942915
-70.31	103.943379
-66.33	103.943843
-75.68	103.944307
-90.31	103.944771
-68.97	103.945234
-67.43	103.945698
-78.00	103.946162
-72.46	103.946626
-69.63	103.947090
-66.14	103.947554
-72.18	103.948018
-83.32	103.948481
-70.40	103.948945
-68.03	103.949409
-71.62	103.949873
-78.27	103.950337
-71.74	103.950801
-66.92	103.951265
-69.34	103.951729
-67.19	103.952192
-68.67	103.952656
-70.81	103.953120
-70.77	103.953584
-90.31	103.954048
-71.17	103.954512
-78.00	103.954976
-68.70	103.955439
-inf	103.955903
-73.07	103.956367
-83.32	103.956831
-73.32	103.957295
-71.01	103.957759
-69.93	103.958223
-76.33	103.958687
-77.30	103.959150
-90.31	103.959614
-70.44	103.960078
-81.28	103.960542
-69.63	103.961006
-71.62	103.961470
-87.30	103.961934
-69.93	103.962397
-74.99	103.962861
-67.64	103.963325
-74.99	103.963789
-79.17	103.964253
-73.07	103.964717
-67.43	103.965181
-73.32	103.965645
-69.78	103.966108
-74.99	103.966572
-65.19	103.967036
-72.46	103.967500
-73.32	103.967964
-75.26	103.968428
-87.30	103.968892
-71.62	103.969355
-71.74	103.969819
-71.62	103.970283
-73.15	103.970747
-76.33	103.971211
-78.00	103.971675
-73.15	103.972139
-83.32	103.972603
-87.30	103.973066
-72.67	103.973530
-81.28	103.973994
-68.21	103.974458
-69.17	103.974922
-74.29	103.975386
-74.75	103.975850
-71.74	103.976313
-83.32	103.976777
-78.27	103.977241
-84.29	103.977705
-81.28	103.978169
-81.28	103.978633
-70.06	103.979097
-77.76	103.979561
-78.00	103.980024
-72.46	103.980488
-78.27	103.980952
-71.01	103.981416
-71.22	103.981880
-76.33	103.982344
-76.33	103.982808
-72.18	103.983271
-79.17	103.983735
-68.16	103.984199
-84.29	103.984663
-76.33	103.985127
-73.32	103.985591
-87.30	103.986055
-66.33	103.986519
-84.29	103.986982
-72.18	103.987446
-87.30	103.987910
-71.98	103.988374
-68.94	103.988838
-77.30	103.989302
-71.22	103.989766
-68.16	103.990229
-72.18	103.990693
-83.32	103.991157
-71.01	103.991621
-67.80	103.992085
-67.64	103.992549
-74.99	103.993013
-70.06	103.993477
-71.68	103.993940
-68.94	103.994404
-66.47	103.994868
-65.57	103.995332
-72.18	103.995796
-74.99	103.996260
-69.78	103.996724
-68.03	103.997187
-70.44	103.997651
-66.33	103.998115
-71.68	103.998579
-69.34	103.999043
-65.68	103.999507
-71.17	103.999971
-70.81	104.000435
-72.67	104.000898
-67.36	104.001362
-73.07	104.001826
-67.76	104.002290
-76.16	104.002754
-69.45	104.003218
-72.46	104.003682
-77.30	104.004146
-67.76	104.004609
-74.63	104.005073
-63.61	104.005537
-66.71	104.006001
-73.15	104.006465
-70.44	104.006929
-66.86	104.007393
-79.17	104.007856
-61.93	104.008320
-65.02	104.008784
-80.31	104.009248
-69.34	104.009712
-66.33	104.010176
-67.19	104.010640
-67.39	104.011104
-71.01	104.011567
-63.32	104.012031
-64.79	104.012495
-65.70	104.012959
-63.62	104.013423
-70.40	104.013887
-57.58	104.014351
-62.52	104.014814
-67.64	104.015278
-63.38	104.015742
-74.18	104.016206
-59.34	104.016670
-64.99	104.017134
-69.17	104.017598
-64.63	104.018062
-57.04	104.018525
-63.52	104.018989
-79.17	104.019453
-70.31	104.019917
-63.14	104.020381
-58.21	104.020845
-56.67	104.021309
-57.89	104.021772
-63.07	104.022236
-56.58	104.022700
-55.81	104.023164
-59.45	104.023628
-65.68	104.024092
-61.88	104.024556
-80.31	104.025020
-56.10	104.025483
-62.95	104.025947
-64.64	104.026411
-70.40	104.026875
-51.29	104.027339
-61.32	104.027803
-66.47	104.028267
-58.21	104.028730
-55.57	104.029194
-54.86	104.029658
-55.88	104.030122
-63.49	104.030586
-57.82	104.031050
-61.63	104.031514
-59.80	104.031978
-73.32	104.032441
-73.07	104.032905
-61.98	104.033369
-63.07	104.033833
-62.32	104.034297
-70.40	104.034761
-72.25	104.035225
-59.22	104.035688
-58.16	104.036152
-62.79	104.036616
-60.72	104.037080
-63.61	104.037544
-65.64	104.038008
-61.85	104.038472
-66.08	104.038936
-59.46	104.039399
-71.28	104.039863
-58.69	104.040327
-60.39	104.040791
-80.31	104.041255
-56.33	104.041719
-58.05	104.042183
-61.95	104.042646
-66.08	104.043110
-67.73	104.043574
-70.06	104.044038
-59.72	104.044502
-62.02	104.044966
-56.54	104.045430
-63.79	104.045894
-57.76	104.046357
-58.97	104.046821
-59.84	104.047285
-60.84	104.047749
-57.64	104.048213
-55.07	104.048677
-57.80	104.049141
-56.98	104.049604
-53.95	104.050068
-60.06	104.050532
-55.04	104.050996
-53.20	104.051460
-57.04	104.051924
-55.30	104.052388
-61.23	104.052852
-54.60	104.053315
-54.45	104.053779
-60.65	104.054243
-71.01	104.054707
-62.64	104.055171
-54.63	104.055635
-51.56	104.056099
-51.62	104.056562
-57.77	104.057026
-63.45	104.057490
-50.45	104.057954
-52.22	104.058418
-55.21	104.058882
-48.65	104.059346
-68.97	104.059810
-57.09	104.060273
-40.93	104.060737
-48.33	104.061201
-48.11	104.061665
-44.58	104.062129
-49.75	104.062593
-48.75	104.063057
-43.04	104.063521
-50.57	104.063984
-52.12	104.064448
-55.19	104.064912
-60.14	104.065376
-49.69	104.065840
-46.65	104.066304
-47.59	104.066768
-57.75	104.067231
-57.70	104.067695
-53.06	104.068159
-48.82	104.068623
-48.93	104.069087
-46.47	104.069551
-43.65	104.070015
-38.13	104.070479
-42.65	104.070942
-65.88	104.071406
-38.01	104.071870
-36.56	104.072334
-46.31	104.072798
-47.01	104.073262
-42.17	104.073726
-44.32	104.074189
-35.58	104.074653
-41.79	104.075117
-43.47	104.075581
-38.44	104.076045
-40.66	104.076509
-34.09	104.076973
-41.59	104.077437
-42.23	104.077900
-36.84	104.078364
-44.24	104.078828
-37.35	104.079292
-30.69	104.079756
-34.69	104.080220
-43.89	104.080684
-31.78	104.081147
-37.05	104.081611
-37.08	104.082075
-34.95	104.082539
-46.33	104.083003
-31.39	104.083467
-34.70	104.083931
-37.14	104.084395
-35.23	104.084858
-30.58	104.085322
-32.98	104.085786
-47.06	104.086250
-47.87	104.086714
-32.24	104.087178
-38.36	104.087642
-37.18	104.088105
-33.37	104.088569
-43.10	104.089033
-47.53	104.089497
-37.41	104.089961
-38.92	104.090425
-41.76	104.090889
-40.82	104.091353
-46.48	104.091816
-43.41	104.092280
-44.56	104.092744
-35.73	104.093208
-50.06	104.093672
-49.46	104.094136
-35.82	104.094600
-38.49	104.095063
-47.00	104.095527
-50.65	104.095991
-45.72	104.096455
-59.88	104.096919
-54.56	104.097383
-51.24	104.097847
-38.99	104.098311
-44.27	104.098774
-33.60	104.099238
-33.31	104.099702
-63.45	104.100166
-38.82	104.100630
-38.49	104.101094
-52.56	104.101558
-45.81	104.102021
-42.39	104.102485
-38.83	104.102949
-39.21	104.103413
-46.18	104.103877
-39.83	104.104341
-60.81	104.104805
-47.78	104.105269
-47.08	104.105732
-52.47	104.106196
-60.20	104.106660
-54.00	104.107124
-56.16	104.107588
-45.38	104.108052
-45.71	104.108516
-48.80	104.108979
-51.73	104.109443
-49.63	104.109907
-51.72	104.110371
-48.53	104.110835
-44.88	104.111299
-46.34	104.111763
-46.85	104.112227
-47.77	104.112690
-67.76	104.113154
-45.23	104.113618
-46.20	104.114082
-48.33	104.114546
-52.84	104.115010
-48.49	104.115474
-55.77	104.115938
-58.01	104.116401
-48.70	104.116865
-51.95	104.117329
-59.09	104.117793
-57.68	104.118257
-55.64	104.118721
-80.31	104.119185
-57.85	104.119648
-62.01	104.120112
-72.46	104.120576
-60.52	104.121040
-67.43	104.121504
-57.75	104.121968
-51.79	104.122432
-56.36	104.122896
-55.34	104.123359
-62.46	104.123823
-55.59	104.124287
-56.92	104.124751
-60.70	104.125215
-58.71	104.125679
-74.63	104.126143
-54.82	104.126606
-58.03	104.127070
-64.35	104.127534
-58.58	104.127998
-56.62	104.128462
-61.71	104.128926
-61.93	104.129390
-58.83	104.129854
-61.71	104.130317
-60.81	104.130781
-54.54	104.131245
-64.69	104.131709
-66.21	104.132173
-54.72	104.132637
-69.45	104.133101
-60.37	104.133564
-63.04	104.134028
-60.27	104.134492
-56.79	104.134956
-62.79	104.135420
-60.15	104.135884
-67.73	104.136348
-59.15	104.136812
-57.45	104.137275
-55.13	104.137739
-78.00	104.138203
-65.30	104.138667
-71.68	104.139131
-56.86	104.139595
-62.32	104.140059
-62.79	104.140522
-74.63	104.140986
-57.61	104.141450
-62.46	104.141914
-64.75	104.142378
-57.31	104.142842
-61.43	104.143306
-63.20	104.143770
-62.98	104.144233
-74.63	104.144697
-62.46	104.145161
-61.62	104.145625
-67.30	104.146089
-70.31	104.146553
-69.45	104.147017
-65.35	104.147480
-67.05	104.147944
-65.60	104.148408
-67.30	104.148872
-68.58	104.149336
-67.19	104.149800
-87.30	104.150264
-66.65	104.150728
-62.13	104.151191
-68.46	104.151655
-63.94	104.152119
-68.03	104.152583
-65.57	104.153047
-63.94	104.153511
-69.78	104.153975
-63.62	104.154438
-83.32	104.154902
-74.18	104.155366
-65.30	104.155830
-63.45	104.156294
-69.17	104.156758
-76.16	104.157222
-70.06	104.157686
-67.64	104.158149
-69.66	104.158613
-71.98	104.159077
-69.66	104.159541
-73.32	104.160005
-62.27	104.160469
-69.63	104.160933
-70.06	104.161396
-65.57	104.161860
-66.33	104.162324
-66.77	104.162788
-73.15	104.163252
-81.28	104.163716
-75.26	104.164180
-66.49	104.164644
-64.02	104.165107
-68.61	104.165571
-71.68	104.166035
-83.32	104.166499
-74.63	104.166963
-67.45	104.167427
-69.93	104.167891
-80.31	104.168354
-83.32	104.168818
-67.45	104.169282
-70.27	104.169746
-69.78	104.170210
-71.98	104.170674
-74.63	104.171138
-73.15	104.171602
-75.26	104.172065
-76.33	104.172529
-76.33	104.172993
-74.29	104.173457
-83.32	104.173921
-73.15	104.174385
-76.16	104.174849
-90.31	104.175313
-71.22	104.175776
-65.60	104.176240
-72.46	104.176704
-69.17	104.177168
-83.32	104.177632
-72.25	104.178096
-72.18	104.178560
-68.35	104.179023
-72.18	104.179487
-66.42	104.179951
-70.31	104.180415
-76.16	104.180879
-73.32	104.181343
-71.01	104.181807
-67.64	104.182271
-69.34	104.182734
-80.77	104.183198
-90.31	104.183662
-78.00	104.184126
-83.32	104.184590
-73.07	104.185054
-74.75	104.185518
-76.16	104.185981
-69.48	104.186445
-77.30	104.186909
-68.27	104.187373
-69.93	104.187837
-79.17	104.188301
-72.67	104.188765
-80.31	104.189229
-69.78	104.189692
-68.00	104.190156
-72.46	104.190620
-70.77	104.191084
-70.14	104.191548
-90.31	104.192012
-66.33	104.192476
-71.01	104.192939
-73.41	104.193403
-80.31	104.193867
-75.26	104.194331
-80.31	104.194795
-79.17	104.195259
-75.68	104.195723
-67.43	104.196187
-67.73	104.196650
-76.16	104.197114
-77.30	104.197578
-71.98	104.198042
-75.68	104.198506
-69.93	104.198970
-70.31	104.199434
-77.30	104.199897
-75.68	104.200361
-78.00	104.200825
-73.41	104.201289
-73.78	104.201753
-67.19	104.202217
-76.16	104.202681
-72.18	104.203145
-70.06	104.203608
-73.32	104.204072
-68.46	104.204536
-72.46	104.205000
-81.28	104.205464
-78.00	104.205928
-76.33	104.206392
-70.31	104.206855
-67.73	104.207319
-69.93	104.207783
-71.98	104.208247
-72.67	104.208711
-74.18	104.209175
-66.62	104.209639
-74.29	104.210103
-73.32	104.210566
-73.32	104.211030
-84.29	104.211494
-74.63	104.211958
-77.30	104.212422
-76.33	104.212886
-71.62	104.213350
-78.27	104.213813
-77.76	104.214277
-69.24	104.214741
-68.27	104.215205
-68.97	104.215669
-68.73	104.216133
-70.31	104.216597
-70.40	104.217061
-78.00	104.217524
-66.86	104.217988
-76.33	104.218452
-71.01	104.218916
-90.31	104.219380
-76.33	104.219844
-83.32	104.220308
-76.16	104.220771
-69.45	104.221235
-76.16	104.221699
-80.31	104.222163
-69.45	104.222627
-76.16	104.223091
-72.25	104.223555
-75.26	104.224019
-69.63	104.224482
-67.76	104.224946
-68.67	104.225410
-73.78	104.225874
-73.15	104.226338
-80.31	104.226802
-69.17	104.227266
-61.74	104.227729
-70.06	104.228193
-66.64	104.228657
-68.61	104.229121
-66.42	104.229585
-64.83	104.230049
-74.18	104.230513
-67.05	104.230977
-64.42	104.231440
-80.31	104.231904
-71.01	104.232368
-62.79	104.232832
-67.76	104.233296
-66.43	104.233760
-71.74	104.234224
-63.83	104.234688
-65.47	104.235151
-75.68	104.235615
-67.93	104.236079
-71.98	104.236543
-70.31	104.237007
-66.16	104.237471
-59.02	104.237935
-60.17	104.238398
-59.78	104.238862
-68.70	104.239326
-71.28	104.239790
-78.27	104.240254
-64.29	104.240718
-63.45	104.241182
-65.02	104.241646
-61.72	104.242109
-59.13	104.242573
-61.41	104.243037
-63.67	104.243501
-61.88	104.243965
-60.81	104.244429
-61.23	104.244893
-60.02	104.245356
-78.00	104.245820
-61.93	104.246284
-58.36	104.246748
-60.14	104.247212
-58.97	104.247676
-65.34	104.248140
-65.19	104.248604
-59.34	104.249067
-58.39	104.249531
-65.19	104.249995
-62.35	104.250459
-62.92	104.250923
-57.26	104.251387
-57.30	104.251851
-64.32	104.252314
-61.12	104.252778
-56.95	104.253242
-64.64	104.253706
-62.69	104.254170
-61.82	104.254634
-64.69	104.255098
-60.88	104.255562
-63.07	104.256025
-57.32	104.256489
-67.19	104.256953
-57.36	104.257417
-64.64	104.257881
-60.00	104.258345
-64.19	104.258809
-58.35	104.259272
-61.98	104.259736
-65.20	104.260200
-56.50	104.260664
-61.28	104.261128
-57.11	104.261592
-62.44	104.262056
-56.43	104.262520
-59.86	104.262983
-74.99	104.263447
-59.84	104.263911
-56.89	104.264375
-59.88	104.264839
-64.99	104.265303
-60.75	104.265767
-64.24	104.266230
-65.68	104.266694
-61.43	104.267158
-63.49	104.267622
-72.18	104.268086
-58.00	104.268550
-61.80	104.269014
-59.65	104.269478
-64.04	104.269941
-71.28	104.270405
-71.01	104.270869
-56.29	104.271333
-62.07	104.271797
-61.82	104.272261
-61.28	104.272725
-68.70	104.273188
-70.31	104.273652
-61.01	104.274116
-58.65	104.274580
-62.56	104.275044
-75.26	104.275508
-68.00	104.275972
-65.19	104.276436
-64.88	104.276899
-61.88	104.277363
-59.50	104.277827
-63.76	104.278291
-59.02	104.278755
-65.64	104.279219
-59.51	104.279683
-58.79	104.280146
-62.46	104.280610
-66.92	104.281074
-63.15	104.281538
-67.05	104.282002
-63.07	104.282466
-64.99	104.282930
-59.83	104.283394
-66.77	104.283857
-63.85	104.284321
-75.68	104.284785
-66.86	104.285249
-76.16	104.285713
-63.32	104.286177
-71.68	104.286641
-64.99	104.287104
-65.93	104.287568
-58.57	104.288032
-58.79	104.288496
-60.37	104.288960
-73.07	104.289424
-65.45	104.289888
-65.03	104.290352
-66.33	104.290815
-64.28	104.291279
-64.79	104.291743
-67.93	104.292207
-60.57	104.292671
-64.32	104.293135
-61.31	104.293599
-62.98	104.294062
-55.11	104.294526
-58.67	104.294990
-63.70	104.295454
-58.57	104.295918
-54.48	104.296382
-64.29	104.296846
-58.44	104.297310
-58.57	104.297773
-66.08	104.298237
-64.02	104.298701
-58.62	104.299165
-61.93	104.299629
-64.02	104.300093
-65.19	104.300557
-61.01	104.301021
-56.86	104.301484
-60.27	104.301948
-56.22	104.302412
-52.27	104.302876
-53.52	104.303340
-66.08	104.303804
-60.15	104.304268
-58.40	104.304731
-67.30	104.305195
-63.52	104.305659
-59.17	104.306123
-61.23	104.306587
-67.93	104.307051
-57.72	104.307515
-55.35	104.307979
-55.33	104.308442
-55.34	104.308906
-59.45	104.309370
-61.71	104.309834
-62.11	104.310298
-71.98	104.310762
-66.43	104.311226
-60.74	104.311689
-60.63	104.312153
-57.33	104.312617
-58.17	104.313081
-57.60	104.313545
-63.07	104.314009
-74.99	104.314473
-61.58	104.314937
-65.96	104.315400
-71.98	104.315864
-64.88	104.316328
-72.67	104.316792
-72.67	104.317256
-74.63	104.317720
-62.18	104.318184
-66.42	104.318647
-63.45	104.319111
-64.04	104.319575
-67.64	104.320039
-63.61	104.320503
-66.79	104.320967
-68.00	104.321431
-61.85	104.321895
-67.43	104.322358
-65.64	104.322822
-63.42	104.323286
-65.65	104.323750
-68.03	104.324214
-70.27	104.324678
-70.44	104.325142
-78.00	104.325605
-72.46	104.326069
-69.17	104.326533
-69.78	104.326997
-71.22	104.327461
-67.45	104.327925
-73.78	104.328389
-72.67	104.328853
-67.64	104.329316
-72.67	104.329780
-70.77	104.330244
-72.46	104.330708
-67.43	104.331172
-67.26	104.331636
-64.18	104.332100
-73.78	104.332563
-68.70	104.333027
-80.31	104.333491
-76.16	104.333955
-69.78	104.334419
-78.00	104.334883
-71.28	104.335347
-73.32	104.335811
-68.03	104.336274
-80.31	104.336738
-77.30	104.337202
-74.99	104.337666
-66.43	104.338130
-72.18	104.338594
-74.18	104.339058
-83.32	104.339521
-74.99	104.339985
-73.07	104.340449
-69.45	104.340913
-71.98	104.341377
-76.33	104.341841
-77.30	104.342305
-74.99	104.342769
-70.81	104.343232
-71.68	104.343696
-68.46	104.344160
-73.41	104.344624
-66.62	104.345088
-80.31	104.345552
-65.45	104.346016
-74.18	104.346479
-76.16	104.346943
-66.86	104.347407
-74.63	104.347871
-75.26	104.348335
-78.00	104.348799
-71.17	104.349263
-74.63	104.349727
-87.30	104.350190
-71.17	104.350654
-73.32	104.351118
-72.18	104.351582
-68.70	104.352046
-68.58	104.352510
-70.06	104.352974
-80.77	104.353437
-71.28	104.353901
-75.26	104.354365
-77.76	104.354829
-66.49	104.355293
-77.30	104.355757
-72.46	104.356221
-67.39	104.356685
-69.48	104.357148
-76.33	104.357612
-80.31	104.358076
-68.00	104.358540
-70.06	104.359004
-81.28	104.359468
-68.00	104.359932
-68.94	104.360396
-77.76	104.360859
-76.16	104.361323
-69.66	104.361787
-78.27	104.362251
-73.78	104.362715
-87.30	104.363179
-70.81	104.363643
-68.16	104.364106
-68.94	104.364570
-70.77	104.365034
-71.22	104.365498
-77.30	104.365962
-68.67	104.366426
-74.29	104.366890
-70.44	104.367354
-83.32	104.367817
-70.40	104.368281
-74.99	104.368745
-70.31	104.369209
-75.26	104.369673
-68.46	104.370137
-71.17	104.370601
-74.63	104.371064
-78.00	104.371528
-70.40	104.371992
-72.67	104.372456
-80.31	104.372920
-80.31	104.373384
-70.27	104.373848
-68.61	104.374312
-71.62	104.374775
-73.41	104.375239
-76.33	104.375703
-76.33	104.376167
-80.77	104.376631
-71.01	104.377095
-77.30	104.377559
-inf	104.378022
-75.26	104.378486
-83.32	104.378950
-79.17	104.379414
-70.44	104.379878
-72.67	104.380342
-69.78	104.380806
-74.75	104.381270
-78.27	104.381733
-65.60	104.382197
-78.27	104.382661
-90.31	104.383125
-75.26	104.383589
-80.77	104.384053
-70.81	104.384517
-67.19	104.384980
-69.45	104.385444
-69.17	104.385908
-72.18	104.386372
-80.31	104.386836
-73.78	104.387300
-80.31	104.387764
-69.34	104.388228
-83.32	104.388691
-87.30	104.389155
-87.30	104.389619
-74.18	104.390083
-83.32	104.390547
-70.06	104.391011
-77.30	104.391475
-70.06	104.391938
-78.00	104.392402
-71.17	104.392866
-67.43	104.393330
-72.67	104.393794
-87.30	104.394258
-67.05	104.394722
-74.63	104.395186
-74.18	104.395649
-69.93	104.396113
-72.25	104.396577
-71.17	104.397041
-78.27	104.397505
-76.16	104.397969
-76.16	104.398433
-78.00	104.398896
-72.18	104.399360
-77.76	104.399824
-69.63	104.400288
-67.45	104.400752
-77.76	104.401216
-81.28	104.401680
-64.99	104.402144
-84.29	104.402607
-75.68	104.403071
-73.32	104.403535
-80.31	104.403999
-80.31	104.404463
-73.32	104.404927
-74.29	104.405391
-76.16	104.405854
-68.03	104.406318
-74.18	104.406782
-68.27	104.407246
-78.27	104.407710
-70.14	104.408174
-76.16	104.408638
-78.00	104.409102
-67.26	104.409565
-70.06	104.410029
-71.68	104.410493
-75.68	104.410957
-72.46	104.411421
-68.58	104.411885
-71.28	104.412349
-77.76	104.412813
-72.67	104.413276
-70.06	104.413740
-73.15	104.414204
-80.31	104.414668
-73.78	104.415132
-71.68	104.415596
-69.93	104.416060
-80.77	104.416523
-66.16	104.416987
-71.01	104.417451
-75.68	104.417915
-87.30	104.418379
-69.17	104.418843
-75.68	104.419307
-80.77	104.419771
-87.30	104.420234
-77.30	104.420698
-83.32	104.421162
-78.00	104.421626
-70.27	104.422090
-73.78	104.422554
-83.32	104.423018
-69.34	104.423481
-69.17	104.423945
-70.81	104.424409
-76.16	104.424873
-73.32	104.425337
-69.45	104.425801
-70.77	104.426265
-72.18	104.426729
-74.18	104.427192
-80.31	104.427656
-76.33	104.428120
-81.28	104.428584
-76.33	104.429048
-69.17	104.429512
-83.32	104.429976
-76.33	104.430439
-64.99	104.430903
-67.73	104.431367
-79.17	104.431831
-68.00	104.432295
-76.33	104.432759
-64.73	104.433223
-68.70	104.433687
-87.30	104.434150
-83.32	104.434614
-68.58	104.435078
-66.65	104.435542
-66.01	104.436006
-84.29	104.436470
-76.16	104.436934
-69.48	104.437397
-80.31	104.437861
-90.31	104.438325
-71.98	104.438789
-74.63	104.439253
-79.17	104.439717
-74.29	104.440181
-69.45	104.440645
-67.45	104.441108
-67.30	104.441572
-83.32	104.442036
-69.63	104.442500
-73.32	104.442964
-84.29	104.443428
-68.21	104.443892
-71.28	104.444355
-81.28	104.444819
-84.29	104.445283
-67.39	104.445747
-76.33	104.446211
-74.63	104.446675
-69.66	104.447139
-71.01	104.447603
-73.32	104.448066
-77.76	104.448530
-74.99	104.448994
-81.28	104.449458
-77.30	104.449922
-74.29	104.450386
-80.31	104.450850
-70.40	104.451313
-66.14	104.451777
-71.28	104.452241
-74.99	104.452705
-68.97	104.453169
-77.76	104.453633
-72.25	104.454097
-77.76	104.454561
-70.81	104.455024
-73.07	104.455488
-72.67	104.455952
-68.03	104.456416
-72.46	104.456880
-68.35	104.457344
-71.22	104.457808
-67.64	104.458271
-76.33	104.458735
-70.77	104.459199
-78.27	104.459663
-78.00	104.460127
-73.15	104.460591
-68.73	104.461055
-74.75	104.461519
-70.14	104.461982
-71.68	104.462446
-70.31	104.462910
-80.31	104.463374
-72.46	104.463838
-70.06	104.464302
-71.01	104.464766
-64.18	104.465229
-72.18	104.465693
-83.32	104.466157
-72.46	104.466621
-68.61	104.467085
-68.70	104.467549
-70.77	104.468013
-69.17	104.468477
-69.34	104.468940
-69.93	104.469404
-67.76	104.469868
-72.67	104.470332
-66.71	104.470796
-70.40	104.471260
-71.01	104.471724
-66.79	104.472188
-74.63	104.472651
-68.16	104.473115
-79.17	104.473579
-66.64	104.474043
-68.00	104.474507
-73.15	104.474971
-78.00	104.475435
-69.17	104.475898
-72.18	104.476362
-72.18	104.476826
-80.31	104.477290
-74.99	104.477754
-81.28	104.478218
-73.07	104.478682
-74.29	104.479146
-74.29	104.479609
-75.68	104.480073
-69.45	104.480537
-66.86	104.481001
-77.30	104.481465
-72.18	104.481929
-68.03	104.482393
-83.32	104.482856
-73.41	104.483320
-87.30	104.483784
-69.66	104.484248
-70.81	104.484712
-73.32	104.485176
-68.46	104.485640
-80.31	104.486104
-76.33	104.486567
-80.31	104.487031
-74.75	104.487495
-73.78	104.487959
-68.97	104.488423
-72.25	104.488887
-75.26	104.489351
-75.68	104.489814
-83.32	104.490278
-73.07	104.490742
-75.68	104.491206
-74.18	104.491670
-74.99	104.492134
-71.62	104.492598
-77.30	104.493062
-70.27	104.493525
-64.55	104.493989
-70.44	104.494453
-73.15	104.494917
-75.68	104.495381
-80.31	104.495845
-68.97	104.496309
-74.75	104.496772
-69.66	104.497236
-69.66	104.497700
-72.18	104.498164
-80.31	104.498628
-70.31	104.499092
-72.18	104.499556
-66.16	104.500020
-71.68	104.500483
-84.29	104.500947
-80.77	104.501411
-71.28	104.501875
-72.67	104.502339
-72.46	104.502803
-74.99	104.503267
-71.98	104.503730
-77.76	104.504194
-68.61	104.504658
-74.99	104.505122
-74.18	104.505586
-72.46	104.506050
-71.74	104.506514
-90.31	104.506978
-67.76	104.507441
-72.18	104.507905
-69.66	104.508369
-73.15	104.508833
-72.18	104.509297
-78.27	104.509761
-84.29	104.510225
-68.35	104.510688
-84.29	104.511152
-70.81	104.511616
-69.34	104.512080
-80.31	104.512544
-73.78	104.513008
-66.64	104.513472
-90.31	104.513936
-80.77	104.514399
-84.29	104.514863
-69.78	104.515327
-73.78	104.515791
-69.24	104.516255
-78.00	104.516719
-70.31	104.517183
-73.07	104.517646
-69.93	104.518110
-79.17	104.518574
-71.98	104.519038
-66.21	104.519502
-75.26	104.519966
-87.30	104.520430
-68.94	104.520894
-87.30	104.521357
-79.17	104.521821
-75.26	104.522285
-69.45	104.522749
-70.31	104.523213
-80.31	104.523677
-83.32	104.524141
-71.98	104.524604
-71.01	104.525068
-67.76	104.525532
-73.15	104.525996
-74.99	104.526460
-71.01	104.526924
-70.31	104.527388
-69.45	104.527852
-68.46	104.528315
-69.17	104.528779
-74.63	104.529243
-90.31	104.529707
-83.32	104.530171
-83.32	104.530635
-70.44	104.531099
-72.25	104.531563
-64.79	104.532026
-76.33	104.532490
-76.33	104.532954
-83.32	104.533418
-73.32	104.533882
-71.01	104.534346
-78.27	104.534810
-87.30	104.535273
-81.28	104.535737
-71.28	104.536201
-69.93	104.536665
-70.27	104.537129
-72.25	104.537593
-67.76	104.538057
-76.33	104.538521
-83.32	104.538984
-70.77	104.539448
-73.32	104.539912
-84.29	104.540376
-67.36	104.540840
-84.29	104.541304
-71.22	104.541768
-79.17	104.542231
-73.78	104.542695
-79.17	104.543159
-74.18	104.543623
-80.31	104.544087
-71.62	104.544551
-79.17	104.545015
-66.43	104.545479
-70.06	104.545942
-76.33	104.546406
-73.78	104.546870
-77.76	104.547334
-74.63	104.547798
-69.45	104.548262
-64.88	104.548726
-81.28	104.549189
-74.18	104.549653
-77.76	104.550117
-78.00	104.550581
-67.76	104.551045
-70.40	104.551509
-71.01	104.551973
-69.93	104.552437
-74.99	104.552900
-73.78	104.553364
-73.07	104.553828
-71.01	104.554292
-65.65	104.554756
-74.99	104.555220
-77.76	104.555684
-78.27	104.556147
-84.29	104.556611
-71.01	104.557075
-74.63	104.557539
-77.30	104.558003
-74.18	104.558467
-87.30	104.558931
-70.44	104.559395
-75.26	104.559858
-76.33	104.560322
-76.16	104.560786
-73.78	104.561250
-74.29	104.561714
-79.17	104.562178
-66.21	104.562642
-69.24	104.563105
-76.33	104.563569
-73.32	104.564033
-66.86	104.564497
-74.99	104.564961
-77.30	104.565425
-73.41	104.565889
-66.86	104.566353
-74.63	104.566816
-66.77	104.567280
-77.76	104.567744
-78.00	104.568208
-72.46	104.568672
-79.17	104.569136
-76.33	104.569600
-69.17	104.570063
-66.16	104.570527
-72.18	104.570991
-74.99	104.571455
-70.44	104.571919
-68.94	104.572383
-83.32	104.572847
-72.67	104.573311
-66.62	104.573774
-74.99	104.574238
-69.78	104.574702
-72.18	104.575166
-77.76	104.575630
-73.78	104.576094
-71.28	104.576558
-64.44	104.577021
-90.31	104.577485
-72.46	104.577949
-77.30	104.578413
-65.19	104.578877
-74.63	104.579341
-74.29	104.579805
-80.77	104.580269
-69.34	104.580732
-64.69	104.581196
-65.64	104.581660
-72.46	104.582124
-71.98	104.582588
-74.29	104.583052
-63.00	104.583516
-68.61	104.583979
-75.26	104.584443
-80.77	104.584907
-75.26	104.585371
-66.79	104.585835
-78.00	104.586299
-67.36	104.586763
-60.90	104.587227
-66.92	104.587690
-74.29	104.588154
-64.75	104.588618
-65.68	104.589082
-62.67	104.589546
-69.63	104.590010
-69.78	104.590474
-67.45	104.590937
-66.33	104.591401
-65.71	104.591865
-83.32	104.592329
-64.83	104.592793
-69.45	104.593257
-59.57	104.593721
-73.32	104.594185
-61.87	104.594648
-62.14	104.595112
-67.19	104.595576
-70.44	104.596040
-73.15	104.596504
-65.35	104.596968
-62.13	104.597432
-61.22	104.597896
-63.46	104.598359
-71.62	104.598823
-87.30	104.599287
-71.17	104.599751
-68.27	104.600215
-66.92	104.600679
-72.46	104.601143
-61.71	104.601606
-62.25	104.602070
-66.33	104.602534
-61.80	104.602998
-67.05	104.603462
-70.06	104.603926
-64.02	104.604390
-66.42	104.604854
-59.43	104.605317
-62.69	104.605781
-53.29	104.606245
-70.44	104.606709
-56.54	104.607173
-56.72	104.607637
-58.67	104.608101
-55.33	104.608564
-65.82	104.609028
-64.99	104.609492
-56.31	104.609956
-57.70	104.610420
-57.89	104.610884
-58.71	104.611348
-60.66	104.611812
-64.75	104.612275
-55.04	104.612739
-54.11	104.613203
-59.09	104.613667
-57.26	104.614131
-57.30	104.614595
-52.86	104.615059
-56.75	104.615522
-50.45	104.615986
-74.18	104.616450
-51.98	104.616914
-60.45	104.617378
-58.87	104.617842
-51.76	104.618306
-57.80	104.618770
-54.21	104.619233
-56.55	104.619697
-54.57	104.620161
-52.18	104.620625
-54.39	104.621089
-52.21	104.621553
-50.42	104.622017
-57.29	104.622480
-48.06	104.622944
-56.99	104.623408
-50.65	104.623872
-64.02	104.624336
-47.94	104.624800
-52.81	104.625264
-50.25	104.625728
-56.98	104.626191
-63.14	104.626655
-58.76	104.627119
-54.72	104.627583
-58.79	104.628047
-50.34	104.628511
-51.25	104.628975
-48.87	104.629438
-60.54	104.629902
-52.79	104.630366
-45.76	104.630830
-56.31	104.631294
-54.10	104.631758
-48.05	104.632222
-52.01	104.632686
-62.58	104.633149
-51.78	104.633613
-47.63	104.634077
-51.60	104.634541
-52.47	104.635005
-46.03	104.635469
-46.32	104.635933
-49.01	104.636396
-50.57	104.636860
-48.21	104.637324
-50.64	104.637788
-47.64	104.638252
-56.65	104.638716
-46.00	104.639180
-61.17	104.639644
-44.70	104.640107
-46.39	104.640571
-46.20	104.641035
-54.77	104.641499
-40.49	104.641963
-48.27	104.642427
-55.25	104.642891
-59.10	104.643354
-50.20	104.643818
-48.68	104.644282
-45.36	104.644746
-45.74	104.645210
-48.21	104.645674
-45.28	104.646138
-50.03	104.646602
-45.01	104.647065
-44.55	104.647529
-44.87	104.647993
-36.23	104.648457
-59.88	104.648921
-50.44	104.649385
-39.52	104.649849
-41.81	104.650312
-41.28	104.650776
-44.04	104.651240
-42.56	104.651704
-47.71	104.652168
-46.11	104.652632
-39.92	104.653096
-53.16	104.653560
-44.01	104.654023
-47.91	104.654487
-47.66	104.654951
-38.65	104.655415
-38.97	104.655879
-39.29	104.656343
-45.84	104.656807
-54.12	104.657271
-41.57	104.657734
-55.13	104.658198
-46.35	104.658662
-45.67	104.659126
-41.43	104.659590
-40.09	104.660054
-45.18	104.660518
-46.56	104.660981
-62.27	104.661445
-46.71	104.661909
-37.56	104.662373
-42.63	104.662837
-36.94	104.663301
-38.77	104.663765
-39.73	104.664229
-40.73	104.664692
-37.03	104.665156
-40.72	104.665620
-45.28	104.666084
-48.22	104.666548
-40.96	104.667012
-45.45	104.667476
-44.16	104.667939
-42.68	104.668403
-50.02	104.668867
-45.81	104.669331
-42.00	104.669795
-39.90	104.670259
-45.08	104.670723
-38.39	104.671187
-39.21	104.671650
-54.50	104.672114
-36.06	104.672578
-57.31	104.673042
-46.94	104.673506
-48.90	104.673970
-38.26	104.674434
-42.78	104.674897
-40.71	104.675361
-40.84	104.675825
-39.39	104.676289
-42.16	104.676753
-41.83	104.677217
-42.06	104.677681
-43.24	104.678145
-38.85	104.678608
-62.59	104.679072
-41.44	104.679536
